{
    "elapsedMilliseconds": 8.8252,
    "matchTolerance": 0.00009999999747378752,
    "offsetCount": 20,
    "offsets": [
        {
            "translation": {
                "x": 38.02194595336914,
                "y": 13.48873519897461,
                "z": 1.1667289733886719
            },
            "matrix": {
                "m00": -0.16718703508377076,
                "m10": -0.633976936340332,
                "m20": -0.7550643682479858,
                "m30": 0.0,
                "m01": -0.633976936340332,
                "m11": 0.6556450128555298,
                "m21": -0.41012558341026308,
                "m31": 0.0,
                "m02": 0.7550643682479858,
                "m12": 0.4101255536079407,
                "m22": -0.511542022228241,
                "m32": 0.0,
                "m03": 38.02194595336914,
                "m13": 13.48873519897461,
                "m23": 1.1667289733886719,
                "m33": 1.0
            }
        },
        {
            "translation": {
                "x": 35.09719467163086,
                "y": 32.42805480957031,
                "z": -18.38149642944336
            },
            "matrix": {
                "m00": -0.33630627393722536,
                "m10": -0.721735954284668,
                "m20": -0.6049755215644836,
                "m30": 0.0,
                "m01": -0.721735954284668,
                "m11": 0.6101922988891602,
                "m21": -0.326745867729187,
                "m31": 0.0,
                "m02": 0.6049755811691284,
                "m12": 0.32674580812454226,
                "m22": -0.7261141538619995,
                "m32": 0.0,
                "m03": 35.09719467163086,
                "m13": 32.42805480957031,
                "m23": -18.38149642944336,
                "m33": 1.0
            }
        },
        {
            "translation": {
                "x": -7.204362869262695,
                "y": 6.798379898071289,
                "z": 28.597126007080079
            },
            "matrix": {
                "m00": -0.44066792726516726,
                "m10": 0.4033382833003998,
                "m20": 0.8019537925720215,
                "m30": 0.0,
                "m01": 0.40333831310272219,
                "m11": 0.8870790004730225,
                "m21": -0.2245199978351593,
                "m31": 0.0,
                "m02": -0.8019537925720215,
                "m12": 0.22451996803283692,
                "m22": -0.5535889863967896,
                "m32": 0.0,
                "m03": -7.204362869262695,
                "m13": 6.798379898071289,
                "m23": 28.597126007080079,
                "m33": 1.0
            }
        },
        {
            "translation": {
                "x": 48.692020416259769,
                "y": -22.01795196533203,
                "z": 36.4661750793457
            },
            "matrix": {
                "m00": 0.3081415593624115,
                "m10": -0.2087799608707428,
                "m20": 0.928148627281189,
                "m30": 0.0,
                "m01": -0.2087799310684204,
                "m11": 0.9369971752166748,
                "m21": 0.280084490776062,
                "m31": 0.0,
                "m02": -0.9281485080718994,
                "m12": -0.280084490776062,
                "m22": 0.24513870477676392,
                "m32": 0.0,
                "m03": 48.692020416259769,
                "m13": -22.01795196533203,
                "m23": 36.4661750793457,
                "m33": 1.0
            }
        },
        {
            "translation": {
                "x": 46.169456481933597,
                "y": -36.533226013183597,
                "z": -29.26272201538086
            },
            "matrix": {
                "m00": 0.04453137516975403,
                "m10": 0.400870144367218,
                "m20": 0.915052056312561,
                "m30": 0.0,
                "m01": 0.400870144367218,
                "m11": 0.8318136930465698,
                "m21": -0.38391321897506716,
                "m31": 0.0,
                "m02": -0.9150519967079163,
                "m12": 0.3839130997657776,
                "m22": -0.12365508079528809,
                "m32": 0.0,
                "m03": 46.169456481933597,
                "m13": -36.533226013183597,
                "m23": -29.26272201538086,
                "m33": 1.0
            }
        },
        {
            "translation": {
                "x": -38.629981994628909,
                "y": 6.132823944091797,
                "z": 40.94749069213867
            },
            "matrix": {
                "m00": 0.4704718589782715,
                "m10": -0.30056431889533999,
                "m20": -0.8296489715576172,
                "m30": 0.0,
                "m01": -0.3005642890930176,
                "m11": 0.8293974995613098,
                "m21": -0.47091513872146609,
                "m31": 0.0,
                "m02": 0.8296490907669067,
                "m12": 0.4709150791168213,
                "m22": 0.299869179725647,
                "m32": 0.0,
                "m03": -38.629981994628909,
                "m13": 6.132823944091797,
                "m23": 40.94749069213867,
                "m33": 1.0
            }
        },
        {
            "translation": {
                "x": -3.872577667236328,
                "y": 7.400993347167969,
                "z": -39.023780822753909
            },
            "matrix": {
                "m00": 0.4717472195625305,
                "m10": 0.5259029269218445,
                "m20": -0.7077292799949646,
                "m30": 0.0,
                "m01": 0.5259029865264893,
                "m11": 0.4764363467693329,
                "m21": 0.7045810222625732,
                "m31": 0.0,
                "m02": 0.7077291011810303,
                "m12": -0.7045810222625732,
                "m22": -0.051816489547491077,
                "m32": 0.0,
                "m03": -3.872577667236328,
                "m13": 7.400993347167969,
                "m23": -39.023780822753909,
                "m33": 1.0
            }
        },
        {
            "translation": {
                "x": 20.11895751953125,
                "y": 45.61712646484375,
                "z": -34.33517074584961
            },
            "matrix": {
                "m00": 0.48624661564826968,
                "m10": 0.39444220066070559,
                "m20": 0.7797305583953857,
                "m30": 0.0,
                "m01": 0.39444220066070559,
                "m11": 0.6971608996391296,
                "m21": -0.598650336265564,
                "m31": 0.0,
                "m02": -0.7797305583953857,
                "m12": 0.5986502766609192,
                "m22": 0.1834075003862381,
                "m32": 0.0,
                "m03": 20.11895751953125,
                "m13": 45.61712646484375,
                "m23": -34.33517074584961,
                "m33": 1.0
            }
        },
        {
            "translation": {
                "x": 28.179258346557618,
                "y": -40.94507598876953,
                "z": 34.4122314453125
            },
            "matrix": {
                "m00": 0.5902936458587647,
                "m10": 0.08422219753265381,
                "m20": 0.8027827143669128,
                "m30": 0.0,
                "m01": 0.08422219753265381,
                "m11": 0.9826867580413818,
                "m21": -0.16502587497234345,
                "m31": 0.0,
                "m02": -0.8027826547622681,
                "m12": 0.16502586007118226,
                "m22": 0.5729803442955017,
                "m32": 0.0,
                "m03": 28.179258346557618,
                "m13": -40.94507598876953,
                "m23": 34.4122314453125,
                "m33": 1.0
            }
        },
        {
            "translation": {
                "x": -18.588134765625,
                "y": -47.62903594970703,
                "z": -43.56298065185547
            },
            "matrix": {
                "m00": 0.6717162132263184,
                "m10": -0.5257327556610107,
                "m20": 0.5219219923019409,
                "m30": 0.0,
                "m01": -0.5257326364517212,
                "m11": 0.15806135535240174,
                "m21": 0.8358360528945923,
                "m31": 0.0,
                "m02": -0.5219219326972961,
                "m12": -0.8358360528945923,
                "m22": -0.1702224612236023,
                "m32": 0.0,
                "m03": -18.588134765625,
                "m13": -47.62903594970703,
                "m23": -43.56298065185547,
                "m33": 1.0
            }
        },
        {
            "translation": {
                "x": 15.241907119750977,
                "y": -26.987388610839845,
                "z": -42.39209747314453
            },
            "matrix": {
                "m00": 0.6919903755187988,
                "m10": 0.3730272352695465,
                "m20": -0.6180614829063416,
                "m30": 0.0,
                "m01": 0.37302732467651369,
                "m11": 0.5482305884361267,
                "m21": 0.7485279440879822,
                "m31": 0.0,
                "m02": 0.6180614233016968,
                "m12": -0.7485279440879822,
                "m22": 0.24022087454795838,
                "m32": 0.0,
                "m03": 15.241907119750977,
                "m13": -26.987388610839845,
                "m23": -42.39209747314453,
                "m33": 1.0
            }
        },
        {
            "translation": {
                "x": 27.854677200317384,
                "y": 14.686830520629883,
                "z": -15.991727828979493
            },
            "matrix": {
                "m00": 0.7191977500915527,
                "m10": -0.06606519222259522,
                "m20": 0.691657543182373,
                "m30": 0.0,
                "m01": -0.06606516242027283,
                "m11": 0.9844567179679871,
                "m21": 0.1627282351255417,
                "m31": 0.0,
                "m02": -0.6916574835777283,
                "m12": -0.16272825002670289,
                "m22": 0.703654408454895,
                "m32": 0.0,
                "m03": 27.854677200317384,
                "m13": 14.686830520629883,
                "m23": -15.991727828979493,
                "m33": 1.0
            }
        },
        {
            "translation": {
                "x": -27.24001121520996,
                "y": -33.403621673583987,
                "z": 19.91476821899414
            },
            "matrix": {
                "m00": 0.787179172039032,
                "m10": -0.5629698634147644,
                "m20": -0.2518213093280792,
                "m30": 0.0,
                "m01": -0.5629699230194092,
                "m11": -0.4892106354236603,
                "m21": -0.6661367416381836,
                "m31": 0.0,
                "m02": 0.25182127952575686,
                "m12": 0.6661366820335388,
                "m22": -0.7020314931869507,
                "m32": 0.0,
                "m03": -27.24001121520996,
                "m13": -33.403621673583987,
                "m23": 19.91476821899414,
                "m33": 1.0
            }
        },
        {
            "translation": {
                "x": -1.084665298461914,
                "y": -14.500244140625,
                "z": 3.1798667907714845
            },
            "matrix": {
                "m00": 0.7991295456886292,
                "m10": 0.24884343147277833,
                "m20": -0.547237753868103,
                "m30": 0.0,
                "m01": 0.24884352087974549,
                "m11": 0.691726565361023,
                "m21": 0.6779317259788513,
                "m31": 0.0,
                "m02": 0.5472376942634583,
                "m12": -0.6779317259788513,
                "m22": 0.4908559024333954,
                "m32": 0.0,
                "m03": -1.084665298461914,
                "m13": -14.500244140625,
                "m23": 3.1798667907714845,
                "m33": 1.0
            }
        },
        {
            "translation": {
                "x": 32.01545715332031,
                "y": -1.6861839294433594,
                "z": -24.430898666381837
            },
            "matrix": {
                "m00": 0.864574670791626,
                "m10": -0.36104825139045718,
                "m20": -0.3495067358016968,
                "m30": 0.0,
                "m01": -0.36104831099510195,
                "m11": 0.03743442893028259,
                "m21": -0.931795597076416,
                "m31": 0.0,
                "m02": 0.34950682520866396,
                "m12": 0.931795597076416,
                "m22": -0.0979909598827362,
                "m32": 0.0,
                "m03": 32.01545715332031,
                "m13": -1.6861839294433594,
                "m23": -24.430898666381837,
                "m33": 1.0
            }
        },
        {
            "translation": {
                "x": 2.9947586059570314,
                "y": -34.895545959472659,
                "z": -46.76890563964844
            },
            "matrix": {
                "m00": 0.8656056523323059,
                "m10": 0.08065325021743775,
                "m20": -0.49418824911117556,
                "m30": 0.0,
                "m01": 0.08065332472324372,
                "m11": 0.9515981078147888,
                "m21": 0.296574205160141,
                "m31": 0.0,
                "m02": 0.49418818950653078,
                "m12": -0.2965742349624634,
                "m22": 0.8172036409378052,
                "m32": 0.0,
                "m03": 2.9947586059570314,
                "m13": -34.895545959472659,
                "m23": -46.76890563964844,
                "m33": 1.0
            }
        },
        {
            "translation": {
                "x": 16.10358428955078,
                "y": -30.622480392456056,
                "z": 44.81248474121094
            },
            "matrix": {
                "m00": 0.9089632630348206,
                "m10": 0.36904177069664,
                "m20": 0.1938917338848114,
                "m30": 0.0,
                "m01": 0.3690417408943176,
                "m11": -0.49600911140441897,
                "m21": -0.7859919667243958,
                "m31": 0.0,
                "m02": -0.1938917636871338,
                "m12": 0.785991907119751,
                "m22": -0.5870459079742432,
                "m32": 0.0,
                "m03": 16.10358428955078,
                "m13": -30.622480392456056,
                "m23": 44.81248474121094,
                "m33": 1.0
            }
        },
        {
            "translation": {
                "x": -20.142250061035158,
                "y": -45.664154052734378,
                "z": -1.2538986206054688
            },
            "matrix": {
                "m00": 0.9171215295791626,
                "m10": 0.3936646580696106,
                "m20": 0.06258034706115723,
                "m30": 0.0,
                "m01": 0.3936645984649658,
                "m11": -0.8698679208755493,
                "m21": -0.29725074768066409,
                "m31": 0.0,
                "m02": -0.06258043646812439,
                "m12": 0.29725077748298647,
                "m22": -0.9527463912963867,
                "m32": 0.0,
                "m03": -20.142250061035158,
                "m13": -45.664154052734378,
                "m23": -1.2538986206054688,
                "m33": 1.0
            }
        },
        {
            "translation": {
                "x": 19.603107452392579,
                "y": -6.518630504608154,
                "z": 30.032176971435548
            },
            "matrix": {
                "m00": 0.991054892539978,
                "m10": 0.045033298432826999,
                "m20": 0.1256275475025177,
                "m30": 0.0,
                "m01": 0.04503333568572998,
                "m11": 0.7732847332954407,
                "m21": -0.6324576735496521,
                "m31": 0.0,
                "m02": -0.12562748789787293,
                "m12": 0.6324576139450073,
                "m22": 0.7643396258354187,
                "m32": 0.0,
                "m03": 19.603107452392579,
                "m13": -6.518630504608154,
                "m23": 30.032176971435548,
                "m33": 1.0
            }
        },
        {
            "translation": {
                "x": 42.33281707763672,
                "y": -42.10702133178711,
                "z": 36.81327819824219
            },
            "matrix": {
                "m00": 0.9919207096099854,
                "m10": 0.03489476442337036,
                "m20": -0.12196673452854157,
                "m30": 0.0,
                "m01": 0.034894853830337527,
                "m11": 0.8492897748947144,
                "m21": 0.5267726182937622,
                "m31": 0.0,
                "m02": 0.12196671962738037,
                "m12": -0.5267726182937622,
                "m22": 0.8412103652954102,
                "m32": 0.0,
                "m03": 42.33281707763672,
                "m13": -42.10702133178711,
                "m23": 36.81327819824219,
                "m33": 1.0
            }
        }
    ]
}